ultra-space: true
wild-berry-trees: false
tumblestone-spawn-chance: 0.009999999776482582
tumblestone-growth-chance: 0.10000000149011612
tumblestone-restore-chance: 0.25
