always-spawn-in-village: true
ilex-shrine-spawn-rate: 0.005
ice-shrine-spawn-rates: 0.033330000936985016
waypoint-spawn-rate: 0.0333000011742115
